version: 1
creator: callgrind-3.12.0
pid: 20194
cmd:  ./a.out
part: 1


desc: I1 cache: 
desc: D1 cache: 
desc: LL cache: 

desc: Timerange: Basic block 0 - 6350087
desc: Trigger: Program termination

positions: line
events: Ir
summary: 31143483


ob=(5) /usr/lib64/valgrind/vgpreload_core-amd64-linux.so
fl=(59) ???
fn=(222) 0x00000000000006e0
0 16

fn=(480) 0x0000000000000630
0 9

fn=(462) 0x00000000000006a0
0 6

ob=(2) ???
fl=(15) ???
fn=(518) 0x0000000004ce65ac
0 3

fn=(540) 0x0000000004f9c988
0 3

fn=(562) 0x0000000005241298
0 3

fn=(250) 0x00000000052317f8
0 6

fn=(280) 0x0000000004c7cbb0
0 6

fn=(460) 0x0000000000400734
0 3

fn=(370) 0x00000000004004a0
0 6

fn=(486) 0x0000000004a2287c
0 3

fn=(268) 0x0000000004f32278
0 6

fn=(218) 0x0000000004a225c0
0 6

ob=(5)
fl=(59)
fn=(462)
0 2
cob=(3) /usr/lib64/libc-2.17.so
cfi=(107) /usr/src/debug/glibc-2.17-c758a686/stdlib/cxa_finalize.c
cfn=(474) __cxa_finalize
calls=1 30 
0 70
cob=(1) /usr/lib64/ld-2.17.so
cfi=(73) /usr/src/debug////////glibc-2.17-c758a686/elf/../sysdeps/x86_64/dl-trampoline.S
cfn=(300) _dl_runtime_resolve
calls=1 58 
0 827
0 5
0 1
cfn=(480)
calls=1 0 
0 9
0 3

ob=(1)
fl=(35) /usr/src/debug/glibc-2.17-c758a686/elf/dl-deps.c
fn=(116) _dl_map_object_deps
147 1
+1 1
-1 2
+1 1
-1 1
+1 1
-1 1
+1 2
-1 5
+1 1
-1 1
+1 2
+16 1
-2 1
+1 1
-15 1
+16 1
+6 3
+10 1
-10 1
+10 3
-14 1
-4 1
+2 1
+17 1
-17 1
-2 2
+2 1
-2 1
+2 1
-2 1
+1 1
+1 1
+6 3
+10 1
-10 1
+10 3
-16 3
+20 1
+21 1
+1 1
-22 2
+19 1
-12 1
+15 1
-16 1
+13 1
347 9
211 1
+8 1
-4 1
+4 1
-8 6
+8 6
-4 6
+4 6
+12 14
+2 5
+11 5
-5 5
-6 10
+5 5
+2 10
+1 10
+3 20
-32 5
+32 10
+50 24
+1 24
-51 544
+1 272
+6 60
cfi=(29) /usr/src/debug////////glibc-2.17-c758a686/string/../sysdeps/x86_64/rtld-strchr.S
cfn=(90) index
calls=12 40 
* 934
* 24
+5 60
-3 12
+3 12
cfi=(26) /usr/src/debug/glibc-2.17-c758a686/elf/dl-error.c
cfn=(78) _dl_catch_error
calls=12 -97 
* 26427
+2 36
+15 12
+2 24
+5 5
+6 5
+4 5
-10 10
+3 5
+1 5
+6 5
-5 5
+1 5
+4 5
-2 5
+2 10
-2 15
-57 8
-19 2
475 14
+2 15
+3 10
-1 5
cfi=(16) /usr/src/debug/glibc-2.17-c758a686/elf/dl-minimal.c
cfn=(38) malloc
calls=5 93 
* 170
* 5
+2 5
-2 5
+2 5
+3 5
+1 30
cfi=(17) /usr/src/debug////////glibc-2.17-c758a686/string/../sysdeps/x86_64/memcpy.S
cfn=(44) memcpy
calls=5 61 
* 133
+1 25
cfi=(17)
cfn=(44)
calls=5 61 
* 133
+4 5
-1 5
+5 28
+3 18
-1 7
+1 14
204 1
501 6
+1 2
+3 6
+11 3
-1 1
cfi=(16)
cfn=(38)
calls=1 93 
* 34
* 1
+3 1
-3 1
+3 1
+5 6
+1 1
-1 3
+3 16
+6 18
+4 6
-10 6
+10 6
-10 13
+6 3
+4 1
-10 1
+10 1
-10 3
+13 2
+53 4
+43 2
+1 1
-1 6
+1 1
cfi=(34) /usr/src/debug////////glibc-2.17-c758a686/string/../sysdeps/x86_64/rtld-memset.S
cfn=(108) memset
calls=1 30 
* 20
* 1
-2 10
+13 1
-6 1
-1 1
+1 1
+6 2
-13 15
+13 5
-6 5
-1 5
+1 5
+6 15
+2 20
+1 10
-1 40
+1 25
+3 75
-1 105
+23 15
-28 30
+31 18
+3 50
cfi=(34)
cfn=(108)
calls=5 30 
* 60
* 33
219 14
+1 32
+2 5
+2 15
+2 26
663 2
+25 2
+2 1
+1 1
-1 1
+9 3
+3 2
+3 8
297 372
628 9
cfi=(17)
cfn=(44)
calls=1 61 
* 51
+2 3

fn=(118) openaux
60 24
+7 12
-4 36
+1 12
-1 12
+1 12
-1 60
cfi=(22) /usr/src/debug/glibc-2.17-c758a686/elf/dl-load.c
cfn=(86) _dl_map_object
calls=12 2094 
* 25527
* 12
+5 24

fl=(40) /usr/src/debug/glibc-2.17-c758a686/elf/dl-reloc.c
fn=(148) _dl_relocate_object
148 70
+15 7
-15 14
+15 7
+1 28
+6 14
+6 21
-18 10
+22 10
+8 14
-33 7
+78 7
fi=(5) /usr/src/debug/glibc-2.17-c758a686/elf/../sysdeps/x86_64/dl-machine.h
72 7
fe=(40)
233 14
fi=(5)
72 21
fe=(40)
259 320
159 25
fi=(5)
279 40
fe=(40)
-20 5
fi=(4) /usr/src/debug/glibc-2.17-c758a686/elf/do-rel.h
48 5
fe=(40)
259 5
fi=(4)
58 5
fe=(40)
259 5
fi=(4)
47 10
+11 10
fe=(40)
259 2
159 10
fi=(5)
279 16
fe=(40)
-20 2
fi=(4)
48 2
fe=(40)
259 2
fi=(4)
58 2
fe=(40)
259 2
fi=(4)
47 4
+11 4
fe=(40)
259 7
fi=(4)
48 7
fe=(40)
259 7
fi=(4)
58 7
fe=(40)
259 7
fi=(4)
47 14
+11 14
+3 20
fi=(5)
488 1450
+4 1450
+2 2175
+1 725
fi=(4)
61 2208
+2 2211
+2 38
-4 3
+13 10
+1 5
+1 24
fi=(5)
488 12
+24 12
fi=(4)
75 12
fi=(5)
512 12
+2 12
cob=(4) /usr/lib64/libm-2.17.so
cfi=(49) /usr/src/debug/glibc-2.17-c758a686/math/../sysdeps/x86_64/fpu/multiarch/s_sin.c
cfn=(200) sin
calls=1 25 
* 8
cob=(4)
cfi=(57) /usr/src/debug/glibc-2.17-c758a686/math/../sysdeps/x86_64/fpu/multiarch/e_atan2.c
cfn=(198) __atan2_finite
calls=1 15 
* 8
cob=(4)
cfi=(54) /usr/src/debug/glibc-2.17-c758a686/math/../sysdeps/x86_64/fpu/multiarch/e_asin.c
cfn=(196) __asin_finite
calls=1 16 
* 5
cob=(4)
cfi=(56) /usr/src/debug////////glibc-2.17-c758a686/math/../sysdeps/x86_64/fpu/multiarch/s_floor.S
cfn=(194) floor
calls=1 25 
* 5
cob=(4)
cfi=(55) /usr/src/debug////////glibc-2.17-c758a686/math/../sysdeps/x86_64/fpu/multiarch/s_floorf.S
cfn=(192) floorf
calls=1 25 
* 5
cob=(4)
cfi=(54)
cfn=(190) __acos_finite
calls=1 10 
* 5
cob=(4)
cfi=(53) /usr/src/debug////////glibc-2.17-c758a686/math/../sysdeps/x86_64/fpu/multiarch/s_rintf.S
cfn=(188) rintf
calls=1 25 
* 5
cob=(4)
cfi=(52) /usr/src/debug/glibc-2.17-c758a686/math/../sysdeps/x86_64/fpu/multiarch/e_log.c
cfn=(186) __log_finite
calls=1 15 
* 8
cob=(4)
cfi=(51) /usr/src/debug/glibc-2.17-c758a686/math/../sysdeps/x86_64/fpu/multiarch/e_pow.c
cfn=(184) __pow_finite
calls=1 8 
* 5
cob=(4)
cfi=(50) /usr/src/debug////////glibc-2.17-c758a686/math/../sysdeps/x86_64/fpu/multiarch/s_rint.S
cfn=(182) rint
calls=1 25 
* 5
cob=(4)
cfi=(49)
cfn=(180) cos
calls=1 20 
* 8
cob=(4)
cfi=(48) /usr/src/debug/glibc-2.17-c758a686/math/../sysdeps/x86_64/fpu/multiarch/e_exp.c
cfn=(178) __exp_finite
calls=1 15 
* 8
fi=(4)
75 12
fi=(5)
515 12
fi=(4)
75 14
fe=(40)
259 3
fi=(4)
75 13
fe=(40)
259 39
+3 21
+32 7
+3 14
+17 21
+2 56
fi=(4)
84 9
+2 18
+12 9
-15 9
+15 9
-15 9
+15 9
+10 14
+3 19
fi=(5)
478 15
fi=(4)
111 20
fi=(5)
478 5013
fi=(4)
111 6684
+7 27
+3 8
+3 8
-3 8
+3 8
-74 6
fi=(5)
405 6
fi=(4)
51 6
fi=(5)
405 24
fi=(4)
127 8972
+9 4472
+3 4472
fi=(5)
247 2236
fi=(4)
138 2236
-2 2236
+1 8944
fi=(5)
247 2236
+21 4472
+4 4472
+7 24328
fi=(4)
137 1211
fi=(5)
279 2422
fi=(4)
137 1211
fi=(5)
279 1211
fi=(4)
138 1211
fi=(5)
279 2422
fi=(4)
137 1211
fi=(5)
279 3648
fi=(4)
137 15
fi=(5)
279 30
fi=(4)
137 15
fi=(5)
279 15
fi=(4)
138 15
fi=(5)
279 30
fi=(4)
137 15
fi=(5)
279 14757
cfi=(6) /usr/src/debug/glibc-2.17-c758a686/elf/dl-lookup.c
cfn=(154) _dl_lookup_symbol_x
calls=1226 716 
* 979517
* 4904
+2 6669
+3 2221
-3 4442
+3 6663
+6 15652
fe=(40)
177 14
+1 2
+2 4
+79 10
fi=(5)
78 10
+4 15
+14 5
-8 5
+8 10
+13 10
+3 20
398 4436
fi=(4)
124 6747
+19 12
+1 26
+1 21
+3 14
+4 14
-1 7
-3 7
+1 7
+1 7
-1 14
fi=(5)
279 28
+2 7
+3 7
-3 7
+3 21
451 14
+1 7
cob=(3)
cfi=(47) /usr/src/debug/glibc-2.17-c758a686/string/../sysdeps/x86_64/multiarch/memmove.c
cfn=(174) memcpy@GLIBC_2.2.5
calls=1 52 
* 15
cob=(3)
cfi=(46) /usr/src/debug/glibc-2.17-c758a686/time/../sysdeps/unix/sysv/linux/x86_64/gettimeofday.c
cfn=(172) gettimeofday
calls=1 30 
* 22
cob=(3)
cfi=(45) /usr/src/debug////////glibc-2.17-c758a686/string/../sysdeps/x86_64/multiarch/memset.S
cfn=(170) memset
calls=1 27 
* 8
cob=(3)
cfi=(41) /usr/src/debug////////glibc-2.17-c758a686/string/../sysdeps/x86_64/multiarch/strcmp.S
cfn=(168) strncasecmp
calls=1 120 
* 5
cob=(3)
cfi=(44) /usr/src/debug////////glibc-2.17-c758a686/string/../sysdeps/x86_64/multiarch/strnlen.S
cfn=(166) strnlen
calls=1 30 
* 5
cob=(3)
cfi=(42) /usr/src/debug/glibc-2.17-c758a686/time/../sysdeps/unix/sysv/linux/x86_64/time.c
cfn=(162) time
calls=1 36 
* 22
cob=(3)
cfi=(41)
cfn=(160) strcasecmp
calls=1 100 
* 5
+1 14
279 39
fi=(4)
129 26
fi=(5)
279 30
+91 36
+4 60
+5 60
-63 6
+2 4
+9 4
-19 8
+1 12
fi=(4)
108 3
fe=(40)
322 14
+1 7
+1 7
-1 7
-1 14
+2 7
+3 14
+1 21
cfi=(33) /usr/src/debug////////glibc-2.17-c758a686/misc/../sysdeps/unix/syscall-template.S
cfn=(106) mprotect
calls=7 81 
* 35
* 14
fi=(5)
-49 14
fi=(4)
129 3
+31 8
+2 24
+8 12
+1 6
-1 6
+1 6
fi=(5)
+76 6
fi=(4)
-77 12
fi=(5)
+77 6
+21 12
+4 12
+7 162
cfi=(6)
cfn=(154)
calls=6 716 
* 3852
* 24
+2 18
+3 1
-3 2
+3 3
+6 42
398 18
fi=(4)
160 18
+14 5
fi=(5)
279 19962
fe=(40)

fl=(2) /usr/src/debug/glibc-2.17-c758a686/elf/rtld.c
fn=(50) rtld_lock_default_unlock_recursive
830 114

fn=(84) map_doit
611 2
+2 7
cfi=(22)
cfn=(86)
calls=1 2094 
* 2613
* 1
+2 2

fn=(140) init_tls
710 1
-1 1
-6 1
+2 2
+4 1
+10 2
-4 1
+4 2
cfi=(16)
cfn=(34) calloc
calls=1 102 
* 43
* 1
-1 1
+6 1
-9 1
+11 1
+6 1
-1 1
+1 16
+2 14
+4 2
+2 2
-2 4
-5 14
+12 1
cfi=(25) /usr/src/debug/glibc-2.17-c758a686/elf/dl-tls.c
cfn=(142) _dl_determine_tlsoffset
calls=1 144 
* 85
+7 1
cfi=(25)
cfn=(144) _dl_allocate_tls_storage
calls=1 349 
* 455
+1 1
-1 1
+1 1
+6 1
+8 1
-8 1
+8 6
+4 2
+3 2

fn=(2) _dl_start
348 9
+18 4
fi=(3) /usr/src/debug/glibc-2.17-c758a686/elf/get-dynamic-info.h
44 1
fe=(2)
366 1
fi=(5)
59 3
fi=(3)
-15 1
fe=(2)
395 1
-3 1
fi=(3)
44 1
+17 2
-3 1
-7 1
+5 1
+3 1
+2 1
-3 1
-3 1
-3 2
-5 28
+15 14
-18 42
+18 1
-18 3
+2 40
+5 24
+1 20
+10 5
-18 15
+25 2
+20 4
+1 4
+1 4
+1 4
+2 4
+5 4
+1 4
+1 4
fe=(2)
528 34
fi=(4)
111 1
-28 1
+28 2
fi=(5)
478 3
fi=(4)
111 2
fi=(5)
478 1
fi=(4)
111 1
fi=(5)
478 27
fi=(4)
111 18
fi=(5)
478 9
fi=(4)
111 9
+13 1
fi=(5)
290 1
fi=(4)
124 2
+13 1
+2 2
-2 1
fi=(5)
244 1
fi=(4)
137 1
fi=(5)
272 1
fi=(4)
137 2
fi=(5)
272 1
fi=(4)
137 7
+2 14
-2 7
fi=(5)
244 7
fi=(4)
137 7
fi=(5)
272 7
fi=(4)
137 14
fi=(5)
272 7
+9 16
+3 8
-3 16
+3 24
+6 48
fi=(3)
53 4
+3 4
+3 4
+1 1
+1 2
fe=(2)
285 1
530 1
285 1
cfi=(6)
cfn=(10) _dl_setup_hash
calls=1 865 
* 23
+1 2
+1 2
+1 2
+1 2
+20 1
+9 1
-9 3
+9 1
-6 1
-3 1
+9 1
cfi=(7) /usr/src/debug/glibc-2.17-c758a686/elf/../elf/dl-sysdep.c
cfn=(12) _dl_sysdep_start
calls=1 86 
* 1227885
* 1
+9 4
+3 1
+4 1
-4 1
+4 1
555 9
fi=(5)
379 8
+9 8
fi=(4)
124 25
fe=(2)

fn=(24) dl_main
877 1
+19 1
-19 10
+19 1
+3 1
2483 1
877 1
2483 1
899 1
+4 1
-26 1
2479 1
903 1
+1 2
+5 2
2476 2
+7 1
-5 1
+5 8
+2 2
cfi=(12) /usr/src/debug/glibc-2.17-c758a686/elf/dl-environ.c
cfn=(26) _dl_next_ld_env_entry
calls=1 30 
* 356
* 2
cfi=(12)
cfn=(26)
calls=1 30 
* 6
* 6
+4 19
+1 7
-1 21
+3 2
+6 8
2647 3
+30 3
917 2
-2 1
+2 2
1113 7
cfi=(14) /usr/src/debug/glibc-2.17-c758a686/elf/dl-object.c
cfn=(30) _dl_new_object
calls=1 62 
* 244
* 1
+3 1
+1 1
+5 2
-5 1
+1 3
+4 1
cfi=(14)
cfn=(46) _dl_add_to_namespace_list
calls=1 33 
* 34
* 2
886 2
1152 1
-3 1
-5 1
+1 1
+2 1
+5 6
+56 2
883 1
1208 2
-55 24
-1 27
+1 47
-1 2
1255 3
+3 2
+2 2
+2 2
+13 2
+1 9
cfi=(18) /usr/src/debug////////glibc-2.17-c758a686/string/../sysdeps/x86_64/strcmp.S
cfn=(52) strcmp
calls=1 134 
* 7
* 4
+11 1
-4 1
+1 1
-3 1
+6 1
+6 2
fi=(3)
29 1
+9 2
+6 1
-2 1
+2 2
+7 1
+5 1
+3 1
+2 1
-3 1
-3 2
-3 12
+10 3
-18 9
+8 22
+10 22
-18 66
+18 1
-18 3
+2 52
+5 16
+2 4
+16 3
+67 3
+14 3
+18 2
fe=(2)
1298 2
cfi=(6)
cfn=(10)
calls=1 865 
* 23
+3 2
fi=(19) /usr/src/debug/glibc-2.17-c758a686/elf/setup-vdso.h
24 2
fe=(2)
1323 1
cfi=(20) /usr/src/debug/glibc-2.17-c758a686/elf/../sysdeps/unix/sysv/linux/dl-sysdep.c
cfn=(58) _dl_discover_osversion
calls=1 45 
* 93
* 8
1157 3
+1 1
+90 2
+1 2
+1 1
-6 2
+1 1
-37 2
-1 2
+1 4
-1 2
+2 4
+1 1
+3 2
+1 2
-1 2
+1 2
+1 2
+1 6
+1 2
-45 1
+9 1
-9 1
+9 1
-7 1
+25 1
-25 1
-3 1
+10 1
-19 3
+1 1
fi=(3)
56 4
fe=(2)
2519 4
cfi=(13) /usr/src/debug/glibc-2.17-c758a686/string/../string/memcmp.c
cfn=(28) bcmp
calls=1 319 
* 26
* 2
fi=(3)
59 4
+1 1
+1 3
fe=(2)
2526 4
cfi=(13)
cfn=(28)
calls=1 319 
* 80
* 2
+2 3
1328 2
cfi=(22)
cfn=(62) _dl_init_paths
calls=1 710 
* 528
+3 3
cfi=(24) /usr/src/debug/glibc-2.17-c758a686/elf/dl-debug.c
cfn=(68) _dl_debug_initialize
calls=1 51 
* 17
+7 1
-7 1
+2 1
+5 1
+3 3
+1 1
+3 1
-3 3
+1 2
+3 1
+5 1
-7 1
+7 1
+1 5
+4 1
+4 1
-2 4
+1 2
+1 3
+5 2
+1 6
+2 2
+1 2
+5 2
+5 3
892 1
1556 1
cfi=(25)
cfn=(70) _dl_count_modids
calls=1 111 
* 4
* 1
+8 3
+3 2
+4 3
+7 1
+4 3
+19 3
+31 3
cfi=(30) /usr/src/debug////////glibc-2.17-c758a686/io/../sysdeps/unix/syscall-template.S
cfn=(114) access
calls=1 81 
* 9
* 2
+77 4
+17 3
+1 1
-1 1
+1 2
-1 1
+1 3
-1 1
+1 2
cfi=(35)
cfn=(116)
calls=1 147 
* 30671
+1 1
+2 1
+3 1
-5 3
+2 2
+3 4
+1 4
-1 2
+1 24
-1 12
+4 3
+1 3
+1 1
+2 2
+1 5
-1 7
+1 10
-1 15
-28 1
+1 1
-1 7
+4 1
+1 1
-1 1
+2 2
-2 2
+38 1
-1 2
+1 1
+2 1
+2 3
+2 1
-4 1
+4 2
+15 2
+1 3
+11 1
+2 1
-2 1
+2 1
-2 1
+2 1
-2 1
+1 1
+1 1
cfi=(26)
cfn=(130) _dl_receive_error
calls=1 197 
* 11002
+10 1
+1 1
-1 1
+1 1
+1 1
cfn=(140)
calls=1 710 
* 671
* 1
+2 2
839 1
fi=(39) /usr/src/debug/glibc-2.17-c758a686/elf/../sysdeps/unix/sysv/linux/dl-osinfo.h
86 2
fe=(2)
841 1
+6 3
fi=(39)
112 1
fe=(2)
852 1
+2 1
+6 1
1809 2
2042 3
+56 1
+4 1
+7 1
-11 1
+4 3
+4 2
+3 1
+8 2
+46 3
+7 1
+2 11
+2 1
+2 21
+5 14
+2 14
+8 7
-2 7
+2 14
+1 48
cfi=(40)
cfn=(148)
calls=6 148 
* 1171396
+4 25
-22 18
+25 4
+2 1
+6 1
-6 1
+6 1
+9 4
+2 1
+5 2
cfi=(25)
cfn=(206) _dl_allocate_tls_init
calls=1 443 
* 326
+4 2
+16 2
+29 1
cfi=(7)
cfn=(208) _dl_sysdep_start_cleanup
calls=1 251 
* 1
+4 3
+20 3
cfi=(24)
cfn=(68)
calls=1 51 
* 8
+1 1
-1 1
+2 1
cfi=(24)
cfn=(72) _dl_debug_state
calls=1 75 
* 1
+1 1
+4 1
cfi=(36) /usr/src/debug/glibc-2.17-c758a686/elf/dl-cache.c
cfn=(210) _dl_unload_cache
calls=1 316 
* 15
+5 8
2197 4
cfi=(25)
cfn=(176) _dl_add_to_slotinfo
calls=2 879 
* 48
* 2
-12 1
+1 1
-3 2
+60 2
+15 1
+3 1
-3 1
+3 1
-3 2
+3 2
-3 1
+2 1
+1 1
cfi=(40)
cfn=(148)
calls=1 148 
* 6847
+1 4
+2 3
2092 1
885 2
1752 2
1317 3
1608 2
cfi=(10) /usr/src/debug////////glibc-2.17-c758a686/string/../sysdeps/x86_64/rtld-strlen.S
cfn=(20) strlen
calls=1 28 
* 93
* 8
cfi=(17)
cfn=(44)
calls=1 61 
* 65
* 1
+3 3
-12 1
+12 2
+3 3
cfi=(16)
cfn=(74) strsep
calls=1 340 
* 795
* 3
cfi=(16)
cfn=(74)
calls=1 340 
* 4
* 6
+1 2
+1 3
+2 4
cfn=(76) do_preload
calls=1 790 
* 2710
* 2
-42 2
+1 1
cfi=(24)
cfn=(72)
calls=1 75 
* 1
* 1
+43 1
+1 1
-1 3
+1 1
+1 3

fn=(48) rtld_lock_default_lock_recursive
824 114

fn=(132) version_check_doit
643 2
+2 4
cfi=(38) /usr/src/debug/glibc-2.17-c758a686/elf/dl-version.c
cfn=(134) _dl_check_all_versions
calls=1 381 
* 10962
* 2
+4 2

fn=(76)
790 1
+12 1
-12 5
+10 1
-4 1
+1 1
+5 4
-10 1
+6 1
+4 1
cfi=(26)
cfn=(78)
calls=1 159 
* 2683
+1 2
+8 3
+6 5

fn=(80) _dl_initial_error_catch_tsd
784 28

fl=(24)
fn=(72)
75 2

fn=(68)
51 14
+5 12
+5 2
-1 1
+1 2
+1 2
-1 2
-9 7
+4 14
+4 1
-1 1
+1 7

fl=(36)
fn=(120) _dl_load_cache_lookup
185 36
+8 8
+3 12
+45 15
+6 6
-6 1
+6 2
+8 4
+20 4
-20 4
+7 4
-7 8
+20 4
-13 8
-7 4
+7 4
+13 598
cfn=(124) _dl_cache_libcmp
calls=37 139 
* 2872
* 155
-76 4
cfi=(28) /usr/src/debug/glibc-2.17-c758a686/elf/dl-misc.c
cfn=(122) _dl_sysdep_read_whole_file
calls=1 43 
* 94
+8 1
-8 1
+8 4
+1 4
cfi=(13)
cfn=(28)
calls=1 319 
* 112
* 2
+7 1
-3 1
+3 3
+3 1
+1 2
-1 1
+1 1
+1 3
cfi=(13)
cfn=(28)
calls=1 +99 
* 109
* 2
+2 2
+53 52
cfn=(124)
calls=4 139 
* 316
* 16
-12 12
+12 4
-12 8
-1 8
+13 92
+16 8
+4 8
+8 12
cfi=(10)
cfn=(20)
calls=4 28 
* 240
* 8
+1 4
-1 12
+1 4
-1 4
+1 8
cfi=(17)
cfn=(44)
calls=4 61 
* 117
+1 8
cfi=(37) /usr/src/debug/glibc-2.17-c758a686/string/strdup.c
cfn=(126) strdup
calls=4 40 
* 490
+1 32

fn=(124)
139 123
+1 90
+2 434
+2 217
-2 217
+2 8
+6 4
+2 4
-1 4
-1 4
+1 4
-1 4
+2 12
+2 20
+2 8
+6 426
+2 778
+4 176
+1 176
-29 352
+32 8
+1 8
-8 37
+8 74

fn=(210)
316 4
-1 1
+3 2
cfi=(33)
cfn=(212) munmap
calls=1 81 
* 5
+1 1
+2 2

fl=(7)
fn=(12)
86 7
+25 1
-1 1
+1 1
-25 1
+25 177
+6 1
-3 1
+1 1
-4 1
+3 1
+3 7
+1 3
-1 3
-29 1
-1 2
+31 105
-1 82
fi=(20)
-82 2
cfi=(8) /usr/src/debug/glibc-2.17-c758a686/elf/../sysdeps/unix/sysv/linux/x86_64/brk.c
cfn=(14) brk
calls=1 -4 
* 12
fi=(5)
201 5
fi=(9) /usr/src/debug/glibc-2.17-c758a686/elf/../sysdeps/x86/cpu-features.c
43 2
+3 1
-3 1
+3 5
161 2
+8 3
+4 2
+2 4
fe=(7)
+51 1
fi=(9)
-11 1
+1 1
+1 1
fe=(7)
+9 1
+1 1
cfi=(10)
cfn=(20)
calls=1 28 
* 35
* 1
+2 2
cfi=(11) /usr/src/debug/glibc-2.17-c758a686/elf/../misc/sbrk.c
cfn=(22) sbrk
calls=1 34 
* 17
* 3
+12 3
+3 6
cfi=(2)
cfn=(24)
calls=1 877 
* 1227289
+2 9
-95 1
+1 1
+27 1
+1 1
-17 1
+1 1
-7 1
+1 1
-4 1
+1 1
-25 1
+1 1
-4 1
+1 1
-7 1
+1 1
+2 1
+1 1
fi=(9)
+37 8
+17 2
+1 1
+6 3
+5 3
+16 2
+3 2
55 1
-28 2
+4 1
-4 1
+5 1
-1 1
+28 1
-27 1
+27 1
-28 1
+24 2
-23 1
+27 1
+1 1
-33 2
+3 1
+25 1
+5 1
+5 1
-17 1
+17 1
+3 1
+1 8
+35 1
-56 1
+56 1
+22 1
-78 1
+78 2
fe=(7)

fn=(208)
251 1

fl=(20)
fn=(58)
45 7
+2 3
+85 8
-45 3
cfi=(21) /usr/src/debug////////glibc-2.17-c758a686/posix/../sysdeps/unix/syscall-template.S
cfn=(60) uname
calls=1 -6 
* 5
* 1
+15 1
-15 1
+20 1
-1 1
+3 12
+4 3
-2 6
+2 10
+2 1
+1 2
-3 4
+7 3
-1 3
+4 3
-2 3
+2 10
+5 2

fl=(22)
fn=(86)
2094 13
+12 26
-12 13
+12 13
-12 117
+12 13
-12 26
+12 26
+12 100
-12 150
+5 174
+1 116
+2 174
cfi=(28)
cfn=(88) _dl_name_match_p
calls=58 304 
* 3783
* 124
2399 104
2141 10
+11 20
-56 10
+92 10
-2 5
+2 5
cfi=(29)
cfn=(90)
calls=5 40 
* 371
* 10
2330 6
cfn=(92) expand_dynamic_string_token
calls=1 419 
* 326
+1 1
-3 1
+4 1
-1 2
+4 6
cfn=(94) open_verify
calls=1 1681 
* 447
+3 1
-3 1
+3 1
+12 15
+2 10
+44 5
+1 35
-1 5
+1 25
cfn=(100) _dl_map_object_from_fd
calls=5 916 
* 12415
* 5
2192 8
cfi=(10)
cfn=(20)
calls=4 28 
* 255
* 4
+2 4
-2 4
+2 4
+7 16
+35 8
+7 24
687 4
2244 4
687 8
2322 8
-97 20
+11 12
+10 8
+6 16
+2 12
+4 8
cfi=(36)
cfn=(120)
calls=4 185 
* 5560
+2 4
-2 4
+2 4
+5 12
+8 8
+28 40
cfn=(94)
calls=4 1681 
* 2213
+3 4
-3 4
+3 8
+1 8
-79 28
687 4
2227 4
687 8
2205 4
+8 20
-7 8
-1 4
+8 32
-3 12
687 4
2211 4
687 8
2119 150
+3 28
+2 28
-1 56
+1 28
cfi=(18)
cfn=(52)
calls=28 134 
* 637
* 56

fn=(92)
419 9
+10 2
-10 1
+10 1
cfi=(29)
cfn=(90)
calls=1 40 
* 133
* 2
161 2
cfi=(10)
cfn=(20)
calls=1 28 
* 73
* 1
+1 2
cfi=(16)
cfn=(38)
calls=1 -69 
* 34
* 1
+2 2
444 1
167 2
444 6
167 2
cfi=(17)
cfn=(44)
calls=1 61 
* 52

fn=(100)
916 55
+11 5
-11 5
+11 5
-11 15
+11 5
cfi=(24)
cfn=(68)
calls=5 51 
* 40
+4 15
-4 5
+4 5
cfi=(31) /usr/src/debug/glibc-2.17-c758a686/io/../sysdeps/unix/sysv/linux/wordsize-64/fxstat.c
cfn=(102) _fxstat
calls=5 36 
* 50
* 10
+11 35
+1 15
-1 60
+1 80
+17 10
+25 10
+10 10
+22 5
-89 5
+89 15
+35 35
cfi=(14)
cfn=(30)
calls=5 62 
* 2359
+1 5
-1 5
+1 5
+11 10
+5 5
-5 5
+1 10
+1 5
+2 5
-2 5
+2 20
+1 15
+1 5
+24 10
+8 5
-8 45
+8 5
-8 5
+8 5
+99 5
1095 5
1201 5
+8 5
1096 5
1209 5
1085 5
1209 5
-8 15
-98 77
-1 312
+1 230
+6 10
+1 15
+1 5
+3 2
+1 1
+5 50
+6 20
+1 10
-1 40
+7 40
+11 10
+2 10
-1 10
+4 10
-5 10
+1 10
-1 20
+2 10
-1 10
+2 10
+3 10
+4 10
-9 10
+2 10
+1 10
+1 10
+1 10
+4 10
+1 15
+5 10
-16 5
+16 25
+10 5
-10 10
-16 5
+16 25
+10 5
+3 6
+5 2
-1 2
+3 2
-1 2
-1 2
+1 2
+3 6
+1 4
+3 4
+4 8
+6 2
cfi=(25)
cfn=(128) _dl_next_tls_modid
calls=2 52 
* 12
* 4
+1 2
+60 10
+1 15
+1 5
-6 10
+1 15
+8 15
+13 40
+2 10
+14 5
+5 30
cfi=(32) /usr/src/debug/glibc-2.17-c758a686/misc/../sysdeps/unix/sysv/linux/wordsize-64/mmap.c
cfn=(104) mmap
calls=5 32 
* 175
+4 5
-4 5
+4 5
+7 5
+1 5
-1 5
+1 5
+2 5
-3 5
+1 5
+2 5
+10 5
+2 5
+33 30
+3 10
+8 40
+6 5
+2 5
-2 5
+1 5
+2 5
-1 5
+1 5
-1 15
+8 10
+3 10
+11 35
cfi=(34)
cfn=(108)
calls=5 30 
* 4762
+1 25
+5 10
+15 10
-74 50
+2 20
+2 40
cfi=(32)
cfn=(104)
calls=5 32 
* 155
* 10
+9 10
+2 5
-2 5
+2 5
+1 24
+1 8
+1 4
-1 8
+1 16
-1 8
+3 16
1065 5
1421 20
+9 10
fi=(3)
38 5
fe=(22)
1430 5
fi=(3)
38 5
+6 5
-2 5
+2 10
+7 5
+5 5
+3 5
-1 5
-3 5
-3 118
+10 27
-18 81
+8 98
+10 98
-18 294
+18 5
-18 15
+2 260
+5 128
+2 20
+16 10
+20 17
+1 20
+1 20
+1 20
+2 20
+5 20
+1 19
+1 20
+35 15
+5 2
+2 2
-2 2
+2 2
+2 4
+2 4
+1 1
+2 15
+10 2
-8 4
+9 4
-1 2
+5 4
+1 2
+2 10
fe=(22)
1436 10
+16 15
+19 10
+2 25
+51 15
+1 4
+3 4
cfi=(30)
cfn=(112) close
calls=2 81 
* 10
* 6
cfi=(30)
cfn=(112)
calls=3 81 
* 15
* 10
+8 25
+3 15
+2 5
-2 5
+2 5
+16 10
cfi=(6)
cfn=(10)
calls=5 865 
* 115
+4 10
+1 10
+17 10
+1 1
+3 1
+6 1
-6 1
+1 2
+5 1
-6 4
+6 4
-6 4
+1 8
+5 4
+10 10
+10 15
cfi=(14)
cfn=(46)
calls=5 33 
* 240
+4 20
+20 40
1317 5
-1 25
cfi=(33)
cfn=(106)
calls=5 81 
* 25
* 5
+90 16
cfi=(32)
cfn=(104)
calls=2 32 
* 62
+3 4
fi=(3)
56 20
+3 20
+1 5
+1 20
fe=(22)
1536 10
+1 6

fn=(62)
710 1
+15 2
-15 8
+15 3
cfi=(23) /usr/src/debug/glibc-2.17-c758a686/elf/dl-hwcaps.c
cfn=(64) _dl_important_hwcaps
calls=1 39 
* 333
+5 1
-5 1
+5 1
cfi=(16)
cfn=(38)
calls=1 93 
* 34
* 1
+1 1
-1 1
-1 1
+2 1
+8 1
-1 1
+1 1
-1 4
+5 4
cfi=(16)
cfn=(38)
calls=1 93 
* 34
* 1
+2 1
-2 1
-1 1
+3 1
+7 1
+10 1
+9 1
-20 1
+12 1
-1 1
+3 1
+1 1
-1 1
+6 9
+1 10
+2 2
-12 1
+12 1
-14 1
+2 1
+3 1
-2 1
+3 1
-1 8
+1 3
+6 11
-1 2
+14 1
-11 1
+6 1
+1 1
+5 2
+4 3
+32 2
+55 1
+1 8
-72 1
-2 1
+2 2
+11 2
-46 2

fn=(94)
1681 50
+36 5
-36 10
+36 10
+21 20
cfi=(30)
cfn=(96) open
calls=5 81 
* 25
+1 5
-1 5
+1 5
+10 5
+1 10
+5 30
cfi=(30)
cfn=(98) read
calls=5 81 
* 25
+2 10
+2 5
+2 5
-2 5
+2 5
-2 5
+8 10
+16 25
cfi=(13)
cfn=(28)
calls=5 319 
* 431
* 10
+2 5
-2 10
+4 20
cfi=(13)
cfn=(28)
calls=5 319 
* 400
-4 10
+60 10
+5 10
+3 20
+5 10
+7 5
+1 5
-1 20
+1 15
+1 5
+15 265
+1 89
+4 20
+1 10
+13 5
+1 5
+2 5
-3 5
+1 5
-1 5
+1 5
-2 5
+4 10
+5 2
+1 2
-13 8
cfi=(13)
cfn=(28)
calls=2 319 
* 146
* 20
cfi=(13)
cfn=(28)
calls=5 319 
* 400
* 14
+16 4
+6 2
-3 2
+1 2
+1 2
+1 4
+1 8
-4 2
+1 2
+1 2
-1 6
-1 2
+4 4
+13 16
1814 9
1931 24
1783 12
cfi=(13)
cfn=(28)
calls=3 319 
* 264
* 6

fl=(11)
fn=(22)
34 4
+8 6
+4 2
+11 5

fl=(31)
fn=(102)
36 6
-1 6
+1 6
+1 36
+4 6

fl=(13)
fn=(28)
319 24
+3 24
-3 120
+4 24
-4 24
+7 48
+4 24
+2 1
+1 1
+1 1
+1 1
+2 2
+2 1
-9 3
+16 8
+1 16
-1 16
133 35
-18 15
350 10
+4 3
+2 3
-2 6
+1 3
+5 38
+2 17
+1 17
+1 17
+3 186
-3 104
-2 104
+1 104
+4 208
-7 234
+12 15
+1 192
232 3
-7 3
+1 3
+4 3
+2 3
-6 3
+4 3
+2 15
-95 5
+1 5
+1 5
+1 5
+1 5
+48 5
-2 5
+1 5
+1 35
-80 5
+1 10
+4 10
-5 20
+1 40
+4 45
238 3
+2 3
-4 3
+1 3
+4 3
-2 3
+56 6
-2 3
+2 6
-1 3
+1 6
+1 6
+12 18
+1 6
-6 6

fl=(28)
fn=(202) _dl_higher_prime_number
360 2
+1 4
+6 1
-4 2
+2 32
+1 12
-3 7
+3 7
-3 7
+2 42
+1 18
+1 2
-4 4
+18 2
+1 2

fn=(88)
304 1120
+1 448
cfi=(18)
cfn=(52)
calls=224 134 
* 1575
* 224
+1 224
-1 224
+3 224
+2 448
+4 223
-4 446
+1 720
cfi=(18)
cfn=(52)
calls=240 134 
* 5228
* 480
-5 17
+11 292
-1 207
+1 828

fn=(122)
43 1
+7 1
-7 3
+7 1
-7 1
+1 1
-1 2
+7 1
cfi=(30)
cfn=(96)
calls=1 +31 
* 5
+1 1
-1 1
+1 1
+2 4
cfi=(31)
cfn=(102)
calls=1 -17 
* 10
* 2
+2 1
+3 1
-3 1
+3 1
+13 2
cfi=(30)
cfn=(112)
calls=1 +10 
* 5
+3 7
-14 6
cfi=(32)
cfn=(104)
calls=1 -28 
* 33
* 2

fl=(30)
fn=(98)
81 20
+1 5

fn=(96)
81 24
+1 6

fn=(114)
81 4
+2 5

fn=(112)
81 24
+1 6

fl=(73)
fn=(300)
58 12
+3 12
+1 12
+1 12
+1 12
+1 12
+1 12
+1 12
+5 12
+1 12
+1 12
+1 12
+10 12
+1 12
+1 12
cfi=(74) /usr/src/debug/glibc-2.17-c758a686/elf/../elf/dl-runtime.c
cfn=(302) _dl_fixup
calls=12 -19 
* 11760
+1 12
+5 12
+1 12
+1 12
+1 12
+9 12
+1 12
+1 12
+1 12
+1 12
+1 12
+1 12
+2 12
+2 12

fl=(10)
fn=(20)
28 26
+1 26
+1 26
+1 26
+2 13
+1 13
+2 13
+1 13
-1 57
+1 57
+1 69
+1 69
+1 69
+2 50
+5 25
+1 25
+1 25
+1 25
+3 25
-6 4
+1 4
+1 4
+1 4
+3 4
+1 26
+1 26
+1 26
+2 26
+3 22
+1 22
+1 22
+1 22
+3 22
+1 20
+1 20
+1 20
+2 20
+3 17
+1 17
+1 17
+1 17
+3 17
+1 6
+1 6
+1 6
+2 6
+3 4
+1 4
+1 4
+1 4
+3 4
+1 4
+1 4
+1 4
+2 4
+3 25
+2 25
+1 25
+1 18
+2 18
+1 18
+1 14
+2 14
+1 14
+1 9
+2 9
+1 9
+1 9
+2 9
+2 9
+1 9
+1 7
+2 7
+1 7
+1 5
+2 5
+1 5
+1 4
+2 4
+1 4
-1 22
+1 22

fl=(14)
fn=(46)
33 12
+2 6
-2 18
+2 6
cfi=(2)
cfn=(48)
calls=6 824 
* 12
+2 43
+4 15
-1 60
+2 5
+2 5
+4 5
+4 5
-4 10
+1 10
+1 10
+2 5
+1 15
-1 5
cfi=(2)
cfn=(50)
calls=5 830 
* 10
-4 1
+4 1
-4 2
+1 2
+1 2
+2 1
+1 3
-1 1
cfi=(2)
cfn=(50)
calls=1 830 
* 2
-5 2

fn=(30)
62 66
+1 6
-1 12
+1 6
cfi=(10)
cfn=(20)
calls=6 -35 
* 338
+6 6
-6 18
+6 66
+7 24
cfi=(16)
cfn=(34)
calls=6 +26 
* 359
* 6
+3 6
-3 6
+3 6
+4 6
+5 6
-6 6
+6 6
-5 6
+5 6
-1 12
+1 6
cfi=(17)
cfn=(44)
calls=6 -27 
* 174
* 6
+4 6
-2 6
+3 6
-1 6
+1 24
+3 6
-3 6
+3 6
+9 6
-7 6
+4 6
+3 11
+2 2
-2 2
+2 30
-2 30
+12 6
+6 6
-5 6
-1 6
+6 18
-2 6
+2 12
+2 15
+3 13
+4 15
+4 15
+2 1
+6 1
+3 2
+3 5
-3 10
+3 25
+2 5
+4 5
-4 5
cfi=(10)
cfn=(20)
calls=5 28 
* 238
* 10
+4 5
-4 5
+4 15
+64 10
+4 48
-88 15
-39 13
+39 3
+70 15
cfi=(17)
cfn=(66) mempcpy
calls=5 61 
* 165
* 5
+5 79
+1 79
-1 79
+1 84
-1 5
+1 15
+5 10
-57 10
cfi=(16)
cfn=(38)
calls=5 -67 
* 170
* 5
+1 5
-1 5
+1 15

fl=(34)
fn=(108)
30 19
+1 19
+1 19
+1 4999
+1 19
+1 19

fl=(37)
fn=(126)
40 16
+1 4
cfi=(10)
cfn=(20)
calls=4 -13 
* 165
* 4
+1 8
cfi=(16)
cfn=(38)
calls=4 +51 
* 136
* 4
+2 8
+4 4
-1 8
+1 8
-1 8
cfi=(17)
cfn=(44)
calls=4 +14 
* 117

fl=(12)
fn=(26)
30 2
+3 7
+2 112
+11 55
-13 165
-2 1
+19 1
-14 15
+5 1
-3 1
+3 1
+2 1

fl=(33)
fn=(212)
81 4
+1 1

fn=(106)
81 48
+1 12

fl=(1) ???
fn=(0) 0x00000000000011e0
0 2
cfi=(2)
cfn=(2)
calls=1 348 
0 1228565
0 14
cfi=(58) /usr/src/debug/glibc-2.17-c758a686/elf/dl-init.c
cfn=(216) _dl_init
calls=1 90 
0 7513
0 3
cob=(8) /home/shiyang/exercise/debug-tools/valgrind/a.out
cfi=(86) ???
cfn=(358) 0x0000000000400500
calls=1 0 
0 29907386

fl=(6)
fn=(156) do_lookup_x
82 11196
+1 1244
-6 1244
+5 3732
-5 8708
+11 1244
+1 1244
233 1244
-3 1244
+3 1244
-3 3732
98 1244
-3 1244
+1 1244
+2 1244
+3 1244
-3 1244
+3 1244
-3 2889
-3 2889
+1 2889
+2 2889
+3 2889
-3 2889
+3 2889
+4 8266
+4 8266
+4 8266
+7 12399
+4 8266
+1 12399
226 4133
+1 8266
+4 8266
-2 4133
+5 16532
+4 8266
-1 8266
+1 4133
-1 8266
+21 2909
+24 5818
462 17004
+1 560
cfi=(28)
cfn=(88)
calls=112 304 
* 5670
* 672
+3 8727
+3 40
287 6268
+4 4916
+13 1174
+1 1174
-1 1174
+1 1174
+1 1174
470 9392
304 50
+1 50
-1 50
+1 50
+1 50
470 610
333 50
-1 350
+3 100
cfi=(2)
cfn=(48)
calls=50 824 
* 100
+2 100
+1 50
+1 50
-2 50
+2 50
+2 147
+1 196
-1 49
+1 98
+4 98
-4 294
+3 600
+20 326
+4 258
-24 375
+28 392
+63 150
-1 100
+13 100
+2 100
cfi=(2)
cfn=(50)
calls=50 830 
* 100
* 50
+2 50
-82 138
-53 100
440 50
317 150
+1 50
-1 50
+1 250
+1 372
+2 142
+1 142
-3 363
+7 50
+1 50
+1 50
+1 50
-1 50
443 200
323 86
+57 4
cfi=(28)
cfn=(202)
calls=2 -20 
* 144
+1 4
-1 2
+1 2
cfi=(16)
cfn=(34)
calls=2 102 
* 134
* 2
+2 2
-2 2
+2 4
+7 20
+1 276
+1 70
-75 70
+75 140
-75 210
+1 70
-1 70
+1 350
+1 320
+2 26
+1 26
-3 166
+7 70
+1 70
+1 70
+1 140
+61 140
-61 22
+61 44
+6 4
-16 2
+16 2
cfi=(16)
cfn=(204) free
calls=2 121 
* 12
+4 2
-3 2
+2 2
+1 6
-77 20
+93 2
+10 3
cfi=(16)
cfn=(34)
calls=1 102 
* 43
* 1
+1 1
-1 2
+1 1
+3 1
+2 1
-7 1
+7 1
-2 1
+1 1
+1 2
241 5132
-1 2566
+2 2566
+2 3840
+10 6741
-7 17355
+2 2448
+1 4896
-1 7344
+1 3672
cfn=(158) check_match.9440
calls=1224 132 
* 171110
+1 6120

fn=(158)
132 8568
+1 2448
+2 2448
+2 3672
-2 2448
+12 3672
+3 2564
cfi=(18)
cfn=(52)
calls=29 -16 
* 2473
* 58
+5 1224
-1 1224
+1 1224
-1 1224
+1 1224
+2 2444
+19 2444
+1 9776
+46 7344
-18 4
+2 4
+1 8
-1 4
+1 2
-1 4
-29 3666
cfi=(18)
cfn=(52)
calls=1222 -44 
* 106051
* 4888

fn=(10)
865 21
+4 7
+4 14
+2 7
-1 7
+4 7
+4 7
-4 7
+1 14
+2 7
-2 7
+3 7
+2 7
+1 7
+1 28
+1 7

fn=(154)
716 14928
477 1244
716 2488
477 3732
-1 2488
+2 1244
-1 1244
+1 3732
-1 3732
+1 46221
-1 46221
+1 138663
-1 141151
718 1244
+4 1244
+9 1244
-13 1244
+15 1244
-14 2488
+14 1244
-2 1244
+6 9952
+2 16172
cfn=(156)
calls=1244 82 
* 505135
+3 2488
+3 20
-8 80
-7 2488
+40 2488
+24 1224
+1 8568
+26 1224
+9 6120
+14 3672
+3 4896
+5 1224
+2 9952
-82 140
+18 20
+1 40
+54 2

fl=(29)
fn=(90)
40 18
+1 18
+1 18
+1 18
+1 14
+1 14
+3 14
+1 14
+1 14
-2 63
+1 63
+1 63
+1 77
+1 77
+1 77
+1 77
+1 77
+9 18
+1 18
+1 18
+2 36
+32 18
+1 18
+1 18
+1 18
+2 18
+3 18
-8 1
+1 1
+1 1
+1 1
+2 1
+3 1
+1 19
+1 19
+1 19
+2 19
+5 18
+1 18
+1 18
+3 18
+1 16
+1 16
+1 16
+2 16
+3 10
+1 10
+1 10
+1 10
+2 10
+3 10
+1 10
+1 10
+1 10
+2 10
+5 10
+1 10
+1 10
+3 10
+1 10
+1 10
+1 10
+2 10
+2 4
+1 4
+1 4
+1 4
+2 4
+3 4
+1 4
+1 4
+1 4
+2 4
+5 4
+1 4
+1 4
+3 4
+1 3
+1 3
+1 3
+2 3
+2 1
+1 1
+1 1
+1 1
+2 1
+3 1
+1 1
+1 1
+1 1
+2 1
+5 1
+1 1
+1 1
+3 1
+1 1
+1 1
+1 1
+2 1
+4 17
+1 17
+11 1
+1 1
+1 1
+1 1
+47 1
+1 1

fl=(23)
fn=(64)
39 8
+2 1
-2 1
+3 1
-3 2
+3 1
-3 1
+2 3
+1 2
+9 1
-10 1
+10 2
+10 4
+42 1
+4 1
-1 8
+30 2
+8 2
+2 3
+1 2
+1 2
+3 2
+7 1
-7 1
+1 1
+7 1
-1 1
+4 3
+1 1
-1 6
+1 1
+18 12
+1 4
cfi=(16)
cfn=(38)
calls=1 -89 
* 34
* 1
+1 1
-1 1
+1 4
+26 1
+3 1
-3 2
+3 1
+28 9
+1 2
-1 2
+1 6
-1 8
+5 6
+3 1
-3 1
+3 2
-3 1
+3 1
-3 2
+3 1
-3 1
+3 2
-3 1
+3 3
+1 12
+1 4
-1 4
+1 8
-2 4
+1 8
-1 14
+4 4
+3 1
+2 2
-1 1
-1 2
+2 10
+13 2
+1 1
-1 1
+3 2
-3 2
+1 1
-1 1
+3 2
+3 3
+3 9
-65 4
cfi=(17)
cfn=(66)
calls=1 61 
* 22
+1 2
-1 2
+1 1
cfi=(17)
cfn=(66)
calls=1 61 
* 22
* 4

fl=(17)
fn=(66)
61 9
+4 9
+3 9
+1 9
+2 4
+1 4
+2 4
+1 4
+5 4
+1 4
-1 5
+1 5
+2 4
+1 4
+2 4
+1 4
+5 4
+1 4
-1 5
+1 5
+2 3
+1 3
+2 3
+1 3
+5 3
+1 3
-1 6
+1 6
+11 9
+1 15
+5 6
+1 6
+1 6
+1 6
+2 6
+2 6
+1 6
+2 6
+6 9
+4 9
+12 1
+2 1
+1 1
+26 1
+1 1
+3 1
+1 1
+1 1
+5 1
+2 1
+1 1
+1 1
+1 1
+2 1
+1 1
+1 1
+1 1
+2 1
+1 1
+2 1
+22 1
+2 1

fn=(44)
61 27
+2 27
+2 27
+3 27
+1 27
+2 8
+1 8
+2 8
+1 8
+5 8
+1 8
-1 19
+1 19
+2 8
+1 8
+2 8
+1 16
+5 8
+1 8
-1 19
+1 19
+2 6
+1 6
+2 6
+1 6
+5 6
+1 6
-1 21
+1 21
+2 11
+1 11
+2 11
+1 11
+5 11
+1 11
-1 16
+1 34
+5 18
+1 18
+1 18
+1 18
+2 18
+2 18
+1 18
+2 18
+8 27
+8 6
+6 6
+2 6
+1 6
+3 1
+1 3
+5 1
+1 1
+2 1
+2 1
+1 1
+2 1
-8 1
+1 1
+2 1
+2 1
+1 1
+2 3
+9 1
+1 1
-1 5
+1 5
+3 6
+1 6
+1 6
+5 6
+2 6
+1 6
+1 6
+1 6
+2 6
+1 6
+1 6
+1 6
+2 6
+1 6
+2 6
+22 6
+6 6
+1 6

fl=(27) /usr/src/debug////////glibc-2.17-c758a686/setjmp/../sysdeps/x86_64/setjmp.S
fn=(82) __sigsetjmp
26 13
+9 13
+1 26
+1 13
+4 13
+1 13
+1 13
+1 13
+1 13
+2 26
+2 13
+1 13
+1 13
+2 26
+2 13
+4 13
+1 13

fl=(74)
fn=(302)
68 24
+6 24
-6 36
+3 12
-1 12
+1 12
+3 12
+1 12
-1 24
+1 36
+1 12
-1 12
+1 24
+9 24
+4 36
+4 22
+1 44
+2 44
+7 36
-1 12
+8 24
+3 108
cfi=(6)
cfn=(154)
calls=12 716 
* 10820
* 12
+4 36
+4 48
+6 72
+16 12
-8 12
+8 36
+4 36
fi=(5)
+66 12
fe=(74)
-62 60
-64 2

fl=(58)
fn=(216)
90 10
+5 1
-4 1
-1 1
+2 1
+3 2
+7 6
+28 3
+1 4
-97 3
+97 24
-97 18
+9 6
-3 12
+3 18
+5 15
+5 8
+8 8
+2 8
+4 16
cob=(2)
cfi=(15)
cfn=(280)
calls=1 -67 
* 6
cob=(2)
cfi=(15)
cfn=(268)
calls=1 -67 
* 6
cob=(2)
cfi=(15)
cfn=(250)
calls=1 -67 
* 6
cob=(3)
cfi=(60) /usr/src/debug/glibc-2.17-c758a686/csu/../csu/init-first.c
cfn=(230) _init
calls=1 -15 
* 165
+4 4
+1 8
+6 8
+2 8
-2 4
+3 24
+1 16
cob=(7) /usr/lib64/libstdc++.so.6.0.19
cfi=(71) ???
cfn=(284) 0x000000000005bb60
calls=1 -82 
* 16
cob=(4)
cfi=(70) ???
cfn=(272) 0x0000000000005820
calls=1 -82 
* 16
cob=(6) /usr/lib64/libgcc_s-4.8.5-20150702.so.1
cfi=(67) /usr/src/debug/gcc-4.8.5-20150702/obj-x86_64-redhat-linux/x86_64-redhat-linux/libgcc/../../../libgcc/config/i386/cpuinfo.c
cfn=(254) __cpu_indicator_init
calls=1 275 
* 182
cob=(3)
cfi=(65) /usr/src/debug/glibc-2.17-c758a686/string/../sysdeps/x86_64/cacheinfo.c
cfn=(240) init_cacheinfo
calls=1 478 
* 1877
* 32
cob=(7)
cfi=(85) /usr/src/debug/gcc-4.8.5-20150702/obj-x86_64-redhat-linux/x86_64-redhat-linux/libstdc++-v3/src/c++11/../../../../../libstdc++-v3/src/c++11/system_error.cc
cfn=(354) _GLOBAL__sub_I_system_error.cc
calls=1 +21 
* 166
cob=(7)
cfi=(84) /usr/src/debug/gcc-4.8.5-20150702/obj-x86_64-redhat-linux/x86_64-redhat-linux/libstdc++-v3/include/parallel/settings.h
cfn=(352) _GLOBAL__sub_I_parallel_settings.cc
calls=1 338 
* 54
cob=(7)
cfi=(81) /usr/src/debug/gcc-4.8.5-20150702/obj-x86_64-redhat-linux/x86_64-redhat-linux/libstdc++-v3/include/bits/locale_facets_nonio.h
cfn=(346) _GLOBAL__sub_I_wlocale_inst.cc
calls=1 1285 
* 49
cob=(7)
cfi=(81)
cfn=(340) _GLOBAL__sub_I_locale_inst.cc
calls=1 1285 
* 49
cob=(7)
cfi=(80) /usr/src/debug/gcc-4.8.5-20150702/obj-x86_64-redhat-linux/x86_64-redhat-linux/libstdc++-v3/include/ext/bitmap_allocator.h
cfn=(336) _GLOBAL__sub_I_bitmap_allocator.cc
calls=1 1094 
* 73
cob=(7)
cfi=(79) /usr/src/debug/gcc-4.8.5-20150702/obj-x86_64-redhat-linux/x86_64-redhat-linux/libstdc++-v3/include/ext/concurrence.h
cfn=(334) _GLOBAL__sub_I_eh_alloc.cc
calls=1 +50 
* 6
cob=(7)
cfi=(72) /usr/src/debug/gcc-4.8.5-20150702/obj-x86_64-redhat-linux/x86_64-redhat-linux/libstdc++-v3/src/../../../../libstdc++-v3/src/c++11/compatibility-thread-c++0x.cc
cfn=(292) _GLOBAL__sub_I_compatibility_thread_c__0x.cc
calls=1 +13 
* 4414
cob=(6)
cfi=(69) ???
cfn=(260) 0x0000000000002fc0
calls=1 -82 
* 16
* 12
-1 30
+49 14
+4 1
+1 8
-86 4
-15 3
+9 1
-3 2
+3 3
+5 3
+5 2
+8 2
+2 2
+4 5
cob=(2)
cfi=(15)
cfn=(218)
calls=1 -67 
* 6
* 1
+4 1
+1 2
+6 2
+2 2
-2 1
+3 6
+1 4
cob=(5)
cfi=(59)
cfn=(222)
calls=1 -82 
* 16
* 1
-1 4
+17 2
-54 3

fl=(26)
fn=(78)
159 91
+9 13
+2 13
cfi=(2)
cfn=(80)
calls=13 784 
* 26
* 13
+1 13
+2 26
-2 13
+2 13
cfi=(27)
cfn=(82)
calls=13 26 
* 260
+1 26
+2 26
+1 26
-1 13
+1 13
cfi=(35)
cfn=(118)
calls=12 60 
* 25731
cfi=(2)
cfn=(84)
calls=1 611 
* 2625
+1 13
+4 13
-4 13
+1 26
+1 26
+1 26
+10 52

fn=(130)
197 10
+1 1
cfi=(2)
cfn=(80)
calls=1 784 
* 2
+5 1
-1 1
-4 1
+9 1
+2 1
-3 1
+3 1
cfi=(2)
cfn=(132)
calls=1 643 
* 10972
+2 1
+1 1
+1 8

fl=(21)
fn=(60)
81 4
+1 1

fl=(16)
fn=(42) __libc_memalign
51 148
+1 183
+11 36
+1 36
-1 36
+3 36
-3 36
+3 72
-3 1
+1 1
-1 1
+3 1
-3 1
+3 130
+4 20
+1 15
+6 35
cfi=(32)
cfn=(104)
calls=5 -45 
* 165
+2 25
+4 15
+3 5
+1 5
+2 25
-3 32
+1 32
+2 256
-31 3
+1 1
-2 3

fn=(74)
340 2
+1 4
+4 103
+7 294
-2 196
+10 49
-15 148
+18 1
+4 2

fn=(34)
102 17
+7 51
-3 17
+3 34
+4 17
cfn=(38)
calls=17 -20 
* 775
* 17

fn=(38)
93 36
+1 72
cfn=(42)
calls=36 -43 
* 1277
* 36

fn=(204)
121 2
-2 4
+2 2
+7 4

fl=(8)
fn=(14)
31 1
-3 1
+3 6
+8 1
-6 2
+7 1

fl=(32)
fn=(104)
32 18
+1 18
-1 162
+1 44
+1 180
+2 126
-3 42

fl=(38)
fn=(134)
381 6
+4 4
-2 2
+4 49
cfn=(136) _dl_check_map_versions
calls=7 174 
* 10845
-2 7
+2 21
-1 7
-1 14
+5 7

fn=(136)
174 63
+15 7
-15 14
+15 14
+2 7
+3 7
-3 7
+2 7
+1 7
+2 7
-3 7
+3 7
+3 20
+4 30
+17 5
56 5
220 5
56 5
220 5
56 25
220 4
56 4
220 4
56 4
220 4
56 20
+1 45
-1 90
+2 162
cfi=(28)
cfn=(88)
calls=54 304 
* 3475
* 117
228 27
+5 72
+20 10
-16 214
cfn=(138) match_symbol
calls=1 76 
* 135
* 54
cfn=(138)
calls=18 76 
* 3085
* 19
+8 76
+3 75
+9 36
+5 4
+1 4
-80 2
-8 2
+96 21
+3 15
+10 68
-7 272
+3 204
-3 20
+3 15
+8 7
+86 7
-86 7
+87 8
-81 24
cfi=(16)
cfn=(34)
calls=6 102 
* 306
* 6
+1 6
-2 6
+2 6
+11 6
-3 6
+3 12
+2 18
+3 20
+4 27
+18 10
-15 30
+2 30
-2 27
+2 27
+2 19
+1 19
-1 38
+1 19
-1 19
+1 19
+1 19
-2 19
+2 38
+1 57
+3 57
+8 27
+5 4
+1 4
+4 18
+3 20
+20 68
-14 68
-2 68
+2 73
-2 5
+2 5
+4 68
+2 68
-1 136
+1 68
-1 204
+1 68
+1 68
+3 219
+10 6
-1 6
+1 42

fn=(138)
76 209
+9 19
-8 19
-1 38
+1 19
+8 19
+6 57
+18 38
+5 38
+14 266
+12 342
+4 114
-30 228
+16 19
+3 76
cfi=(18)
cfn=(52)
calls=19 +1 
* 1529
* 38
+35 152

fl=(25)
fn=(144)
349 1
+13 1
-13 2
+2 1
+11 2
cfi=(16)
cfn=(42)
calls=1 51 
* 78
* 1
+1 1
-1 1
+1 1
+7 1
+4 306
-58 1
+1 1
-1 1
+1 2
cfi=(16)
cfn=(34)
calls=1 102 
* 43
* 1
+1 2
+9 1
-6 1
+6 1
+64 5

fn=(206)
443 7
+1 1
-1 1
+1 1
+4 1
+6 2
-6 2
+6 2
+12 1
-15 1
-1 2
+21 6
+6 17
+3 1
+1 2
-1 1
+1 2
+7 2
+2 2
-2 4
+2 6
+1 2
+3 4
-1 4
+18 2
-2 2
-8 2
+8 4
-8 2
+8 2
cfi=(17)
cfn=(66)
calls=2 61 
* 37
* 8
cfi=(34)
cfn=(108)
calls=2 30 
* 172
* 4
-38 6
+52 2
+2 1
+1 8

fn=(142)
144 1
+34 1
-34 1
+34 2
-45 1
+1 1
+2 1
-3 1
+2 1
-2 1
+43 1
-43 2
+50 2
-1 2
+5 4
-4 2
-1 2
+7 2
-7 2
+3 4
+2 2
+2 2
-2 4
+16 10
+2 2
+1 2
-1 4
+4 2
+6 2
-12 2
-25 8
+40 1
+53 4
-1 1
+1 3
-52 1
+52 1

fn=(128)
52 6
+48 4
+4 2

fn=(70)
111 2
+1 2

fn=(176)
879 12
+6 2
+3 4
+5 10
+41 2
+1 6
+1 12

fl=(106) /usr/src/debug/glibc-2.17-c758a686/elf/dl-fini.c
fn=(448) _dl_sort_fini
33 9
+2 1
-2 4
+2 1
+6 1
-1 2
+2 1
-1 1
-1 2
+1 4
+1 1
cfi=(34)
cfn=(108)
calls=1 -12 
* 20
* 1
+15 8
+62 5
+3 45
cfi=(34)
cfn=(108)
calls=5 -92 
* 60
* 20
-75 10
-1 15
+1 5
+4 15
+71 1
-75 2
-1 3
+1 1
+4 15
+6 6
+1 6
-1 6
+1 11
+2 20
+1 10
-1 40
+1 25
+3 75
-1 105
+31 45
+21 15
-57 30
+61 26
+7 8

fn=(446) _dl_fini
132 3
+12 1
-12 5
+19 1
-6 1
+9 10
+3 2
cfi=(2)
cfn=(48)
calls=1 824 
* 2
+3 2
+3 2
+2 7
+11 3
+2 2
+3 9
+11 2
+2 14
+4 7
+2 7
-2 14
+6 7
-5 7
-7 21
+19 6
cfn=(448)
calls=1 33 
* 681
+9 2
cfi=(2)
cfn=(50)
calls=1 830 
* 2
+4 4
+2 1
+2 3
-2 6
+2 18
+3 14
+3 21
+4 10
+7 10
+4 5
+1 5
-1 5
+2 10
+1 15
+1 10
cob=(6)
cfi=(69)
cfn=(542) 0x0000000000002f80
calls=1 0 
* 1361
cob=(4)
cfi=(70)
cfn=(520) 0x00000000000057e0
calls=1 0 
* 1361
cob=(7)
cfi=(71)
cfn=(488) 0x000000000005bb20
calls=1 0 
* 2222
cob=(5)
cfi=(59)
cfn=(462)
calls=1 0 
* 923
cob=(8)
cfi=(86)
cfn=(450) 0x00000000004005a0
calls=1 0 
* 16
-1 15
+5 15
+1 15
cob=(2)
cfi=(15)
cfn=(562)
calls=1 0 
* 3
cob=(2)
cfi=(15)
cfn=(540)
calls=1 0 
* 3
cob=(2)
cfi=(15)
cfn=(518)
calls=1 0 
* 3
cob=(2)
cfi=(15)
cfn=(486)
calls=1 0 
* 3
cob=(2)
cfi=(15)
cfn=(460)
calls=1 0 
* 3
+5 42
+16 14
-55 15
-70 2
284 6
-49 4
+55 2
+7 8

fl=(18)
fn=(52)
134 1763
+1 1763
+1 1763
+1 1440
+1 1440
+1 1440
+1 1440
cfn=(53) strcmp'2
calls=1440 -6 
* 105159
+5 323
+1 323
+1 323
+1 323

fn=(53)
134 14655
+1 14655
+1 14655
+1 14502
+1 14502
+1 14502
+1 14502
cfn=(53)
calls=13215 -6 
* 542756
+2 1287
+1 1287
+2 153
+1 153
+1 153
+1 153

ob=(3)
fl=(95) /usr/src/debug////////glibc-2.17-c758a686/string/../sysdeps/x86_64/strchrnul.S
fn=(406) strchrnul
26 100000
+1 100000
+1 100000
+1 100000
+1 100000
+1 100000
+1 100000
+1 100000
+1 100000
+1 100000
+1 100000
+1 100000
+1 100000
+1 100000
+1 100000
+1 100000
+1 100000
+1 100000
+1 100000
+1 100000
+12 100000
+1 100000
+1 100000

fl=(46)
fn=(172)
30 1
+1 1
+3 2
-3 4
+3 1
cfi=(43) /usr/src/debug/glibc-2.17-c758a686/elf/../sysdeps/unix/sysv/linux/dl-vdso.c
cfn=(164) _dl_vdso_vsym
calls=1 -7 
* 7
+1 3
+1 3

fl=(109) /usr/src/debug/glibc-2.17-c758a686/posix/../sysdeps/unix/sysv/linux/_exit.c
fn=(574) _Exit
28 2
+4 1
+2 2

fl=(102) /usr/src/debug/glibc-2.17-c758a686/malloc/malloc.c
fn=(432) free
2918 200000
+1 200000
+5 200000
-91 100000

fl=(96) /usr/src/debug/glibc-2.17-c758a686/libio/fileops.c
fn=(436) _IO_file_write@@GLIBC_2.2.5
1294 1295
+2 925
+11 185
+1 185
-12 370
+5 185
-1 555
+1 370
cfi=(104) /usr/src/debug////////glibc-2.17-c758a686/io/../sysdeps/unix/syscall-template.S
cfn=(438) write
calls=185 81 
* 1295
+1 370
+9 555
+3 1665

fn=(568) _IO_file_setbuf@@GLIBC_2.2.5
460 2
+1 1
cfi=(98) /usr/src/debug/glibc-2.17-c758a686/libio/genops.c
cfn=(570) _IO_default_setbuf
calls=1 +97 
* 51
* 2
+4 2
-1 2
+2 3
+2 1
+1 2

fn=(426) _IO_do_write@@GLIBC_2.2.5
508 186
+2 186
-2 930
+2 372
+1 6
+11 740
+7 740
+8 925
cfn=(436)
calls=185 1294 
* 7955
* 185
+1 555
+6 185
-4 185
+4 185
-4 555
+1 370
+3 185
-34 370
+32 185
-32 185
+1 740
-1 185
+1 370
+32 370

fn=(408) _IO_file_xsputn@@GLIBC_2.2.5
1321 150000
+7 150000
-7 1050000
+6 300000
+7 300000
+17 4
+4 50465
+5 199652
cfi=(103) /usr/src/debug////////glibc-2.17-c758a686/string/../sysdeps/x86_64/memcpy.S
cfn=(434) __GI_mempcpy
calls=49913 61 
* 934330
* 49913
+6 49913
-1 49913
+1 99826
+2 149997
+27 100000
+1 1200000
-45 2
+17 3
+4 740
cfn=(412) _IO_file_overflow@@GLIBC_2.2.5
calls=185 823 
* 20996
* 370
+6 370
+1 1110
+2 555
+11 370
+1 740
cfi=(98)
cfn=(428) _IO_default_xsputn
calls=185 448 
* 30099
* 370
-57 149997
+1 99998
+3 149445
+2 564573
-2 476012
-3 368

fn=(418) _IO_file_stat
1262 1
+1 3
cfi=(100) /usr/src/debug/glibc-2.17-c758a686/io/../sysdeps/unix/sysv/linux/wordsize-64/fxstat.c
cfn=(420) _fxstat
calls=1 36 
* 10

fn=(412)
823 2836
+1 2127
+7 4959
+35 1418
+3 1046
+3 1569
+1 1569
+1 2092
+4 523
+1 2092
-45 2
+12 2
+9 4
+8 1
-4 1
+3 2
-2 2
-3 1
+1 2
+5 1
-1 1
+1 3
+1 2
+3 186
+1 186
+11 558
-12 186
cfn=(426)
calls=186 508 
* 16850
-31 2
cfi=(98)
cfn=(414) _IO_doallocbuf
calls=1 415 
* 139
+1 6

fn=(572) _IO_file_sync@@GLIBC_2.2.5
885 1
+5 1
-5 1
+5 3
+2 1
+1 2
+17 2
+4 2

fl=(101) /usr/src/debug/glibc-2.17-c758a686/misc/../sysdeps/unix/sysv/linux/wordsize-64/mmap.c
fn=(422) mmap
32 1
+1 1
-1 9
+1 3
+1 10
+2 7
-3 2

fl=(104)
fn=(438)
81 370
cfn=(440) __write_nocancel
calls=185 * 
* 925

fn=(440)
81 925

fl=(44)
fn=(166)
30 1
+1 1
+1 1
+1 1
+2 1

fl=(60)
fn=(230)
52 8
+6 6
+17 1
fi=(61) /usr/src/debug/glibc-2.17-c758a686/csu/../sysdeps/unix/sysv/linux/x86_64/init-first.c
-35 2
fe=(60)
+33 1
+1 1
fi=(61)
-34 1
-2 2
fe=(60)
+37 1
fi=(61)
-37 3
+2 1
cfi=(43)
cfn=(164)
calls=1 -13 
* 7
+1 2
+5 2
-3 2
+1 1
+2 1
cfi=(43)
cfn=(164)
calls=1 -19 
* 7
fe=(60)
+43 1
fi=(61)
-39 1
fe=(60)
+39 2
fi=(61)
-39 2
+1 2
+1 1
fe=(60)
+37 1
cfi=(62) /usr/src/debug/glibc-2.17-c758a686/misc/init-misc.c
cfn=(234) __init_misc
calls=1 -59 
* 75
+8 1
cfi=(64) /usr/src/debug/glibc-2.17-c758a686/ctype/ctype-info.c
cfn=(238) __ctype_init
calls=1 -65 
* 16
+5 6
-35 1
-9 1
+9 4
fi=(61)
-25 2
fe=(60)

fl=(41)
fn=(160)
100 1
+2 1
+1 1
+1 1
+9 1

fn=(168)
120 1
+2 1
+1 1
+1 1
+9 1

fl=(45)
fn=(170)
27 1
+1 1
+1 1
+1 1
+1 1
+2 1
+1 1
+5 1

fl=(93) /usr/src/debug/glibc-2.17-c758a686/stdio-common/printf.c
fn=(402) printf
29 400000
+4 50000
-4 50000
+5 50000
-1 250000
+1 150000
cfi=(94) /usr/src/debug/glibc-2.17-c758a686/stdio-common/vfprintf.c
cfn=(404) vfprintf
calls=50000 222 
* 27346870
+4 100000

fl=(100)
fn=(420)
36 1
-1 1
+1 1
+1 6
+4 1

fl=(63) /usr/src/debug////////glibc-2.17-c758a686/string/../sysdeps/x86_64/strrchr.S
fn=(236) __GI_strrchr
25 1
+1 1
+1 1
+1 1
+1 1
+1 1
+1 1
+1 1
+1 1
+1 1
+1 1
+1 1
+1 1
+1 1
+1 1
+1 1
+1 1
+1 1
+1 1
+1 1
+1 1
+1 1
+1 1
+2 1
+1 1
+1 1
+1 1
+1 1
+1 1
+1 1
+1 1
+1 1
+1 1
+2 2
+1 2
+1 2
+1 2
+2 1
+1 1
+1 1
+1 1
+2 1
+1 1
+1 1
+1 1
+1 1
+2 1

fl=(89) /usr/src/debug////////glibc-2.17-c758a686/setjmp/../sysdeps/x86_64/setjmp.S
fn=(384) __sigsetjmp
26 1
+9 1
+1 2
+1 1
+4 1
+1 1
+1 1
+1 1
+1 1
+2 2
+2 1
+1 1
+1 1
+2 2
+2 1
+9 1
cfi=(90) /usr/src/debug/glibc-2.17-c758a686/setjmp/sigjmp.c
cfn=(386) __sigjmp_save
calls=1 -35 
* 9

fl=(42)
fn=(162)
36 1
+1 1
+3 2
-3 4
+3 1
cfi=(43)
cfn=(164)
calls=1 -13 
* 7
* 3
+1 3

fl=(87) /usr/src/debug/glibc-2.17-c758a686/csu/../csu/libc-start.c
fn=(366) (below main)
134 7
+10 1
-10 3
+10 7
+62 1
-62 1
+62 1
+1 4
cfi=(78) /usr/src/debug/glibc-2.17-c758a686/stdlib/cxa_atexit.c
cfn=(330) __cxa_atexit
calls=1 56 
* 66
+22 6
+3 2
+1 5
cob=(8)
cfi=(86)
cfn=(368) __libc_csu_init
calls=1 0 
* 55
+4 4
+15 2
+9 2
cfi=(88) /usr/src/debug////////glibc-2.17-c758a686/setjmp/../sysdeps/x86_64/bsd-_setjmp.S
cfn=(382) _setjmp
calls=1 33 
* 30
+1 2
+5 2
+1 2
+3 2
+3 6
cob=(8)
cfi=(91) /home/shiyang/exercise/debug-tools/valgrind/callgrind_test_part1.cc
cfn=(388) main
calls=1 32 
* 29898389
+34 2
cfi=(105) /usr/src/debug/glibc-2.17-c758a686/stdlib/exit.c
cfn=(442) exit
calls=1 99 
* 7466

fl=(47)
fn=(174)
52 15

fl=(65)
fn=(240)
478 2
+12 1
-12 1
+12 1
-12 1
+12 1
-12 1
+12 1
648 2
+2 1
+1 1
+2 1
-3 1
+5 1
-5 1
+4 3
+4 2
+2 1
+1 1
+2 1
+4 1
-7 1
+5 1
-5 1
+4 1
+3 2
-3 1
+3 1
-3 1
+3 2
492 2
cfn=(242) handle_intel.isra.0
calls=1 262 
* 843
+4 1
-4 1
+4 1
cfn=(242)
calls=1 262 
* 884
+2 1
-2 1
-1 1
+3 1
+9 3
+2 1
+1 1
+2 1
+5 2
+9 16
-9 12
+6 3
-6 3
+6 3
-6 3
+6 1
-6 1
+6 1
+69 4
+1 6
-65 1
+32 1
-26 5
+7 2
+4 4
+2 4
-6 4
+4 1
-2 1
+2 1
-4 3
+4 1
-2 1
+2 1
+15 1
+1 4
-9 1
+2 2
+1 1
-1 2
+1 1
+1 1

fn=(242)
262 4
+12 2
-12 12
+9 2
+1 4
-3 6
+23 10
cfn=(244) intel_check_word
calls=2 132 
* 1444
+1 4
+3 10
cfn=(244)
calls=2 132 
* 189
+1 4
-17 4
+5 2
-5 4
+5 2
+2 2
+1 2
-1 4
+27 16

fn=(244)
132 32
+1 12
+6 32
+2 4
-2 4
+2 4
+88 8
-76 20
+53 16
+23 40
-1 8
+1 8
cfi=(66) /usr/src/debug/glibc-2.17-c758a686/stdlib/bsearch.c
cfn=(246) bsearch
calls=8 26 
* 1226
+2 16
+22 8
141 16
+2 10
+2 20
-10 2
258 32
-93 10
+5 10
-5 14
+9 2
+2 4
+8 2
+4 2
-2 4
+13 3
-34 15
+5 6
+4 8
+7 9
+9 2
-2 2
+3 2
-1 2
-2 2
+1 2
+1 2
-1 6
+1 2
-2 4

fn=(248) intel_02_known_compare
121 162
+3 162

fl=(90)
fn=(386)
29 2
-1 2
+1 2
+5 3

fl=(107)
fn=(474)
30 12
+17 4
-17 20
+4 16
+4 59
+5 24
+2 3
+1 3
+1 12
-2 6
+5 3
+5 3
-2 6
+2 3
cob=(7)
cfi=(75) /usr/src/debug/gcc-4.8.5-20150702/obj-x86_64-redhat-linux/x86_64-redhat-linux/libstdc++-v3/src/c++11/../../../../../libstdc++-v3/src/c++11/future.cc
cfn=(508) (anonymous namespace)::future_error_category::~future_error_category()
calls=1 -26 
* 8
cob=(7)
cfi=(85)
cfn=(506) (anonymous namespace)::generic_error_category::~generic_error_category()
calls=1 -20 
* 8
cob=(7)
cfi=(85)
cfn=(498) (anonymous namespace)::system_error_category::~system_error_category()
calls=1 -5 
* 800
+4 6
-21 9
-4 12
+32 16
+4 24
-4 12
+12 8
+3 4
-2 4
+2 24
-2 4
cfi=(108) /usr/src/debug/glibc-2.17-c758a686/nptl/../nptl/sysdeps/unix/sysv/linux/unregister-atfork.c
cfn=(476) __unregister_atfork
calls=4 -43 
* 28

fl=(43)
fn=(164)
27 4
-1 4
+1 4
+4 8
-3 8

fl=(108)
fn=(476)
36 4
-8 8
+11 8
+82 8

fl=(99) /usr/src/debug/glibc-2.17-c758a686/libio/filedoalloc.c
fn=(416) _IO_file_doallocate
96 5
+15 6
cfi=(96)
cfn=(418)
calls=1 1262 
* 14
* 2
+2 4
+11 3
+4 6
cfi=(101)
cfn=(422)
calls=1 -96 
* 33
* 2
+1 5
cfi=(98)
cfn=(424) _IO_setb
calls=1 400 
* 21
+1 1
+1 5
-13 1
fi=(110) /usr/src/debug/glibc-2.17-c758a686/libio/../sysdeps/unix/sysv/linux/sys/sysmacros.h
-72 6
fe=(99)
+72 1
-2 2
+8 1
-3 1
+3 2

fl=(66)
fn=(246)
26 8
+5 8
-5 72
+7 8
-7 16
+7 8
+7 8
+1 8
-8 16
+2 54
+2 54
-2 54
+1 162
+1 108
cfi=(65)
cfn=(248)
calls=54 +84 
* 324
+1 108
+1 46
-6 92
+14 8
-1 8
+1 56

fl=(105)
fn=(442)
99 1
-1 1
+1 2
cfn=(444) __run_exit_handlers
calls=1 -63 
* 7462

fn=(444)
36 9
+5 6
+4 3
-4 3
+4 3
+3 4
-1 4
+2 29
-4 6
+37 1
+1 1
-1 1
+1 1
+6 2
+1 5
cfi=(98)
cfn=(564) _IO_cleanup
calls=1 1007 
* 374
* 3
+2 2
cfi=(109)
cfn=(574)
calls=1 -64 
* 5
-19 1
+4 2
-2 2
+2 1
cob=(1)
cfi=(106)
cfn=(446)
calls=1 +55 
* 6993
+1 1

fl=(88)
fn=(382)
33 1
+2 1
cfi=(89)
cfn=(384)
calls=1 -9 
* 28

fl=(78)
fn=(330)
56 24
-22 8
cfn=(332) __new_exitfn
calls=4 +38 
* 171
+2 8
+4 4
+3 4
+1 4
-4 8
+2 4
+4 4
+1 4
+11 16

fn=(332)
72 4
+6 8
-6 12
+6 16
+2 16
-7 8
+9 12
+1 15
-3 1
+10 1
-10 2
+2 6
+11 6
+25 3
+1 3
-1 3
+1 3
-1 3
+7 3
+1 3
+3 6
-4 1
+1 1
+3 10
+3 20
-35 2
+14 1
+1 2

fl=(94)
fn=(404)
222 550000
+35 150000
1271 150001
+4 250000
+11 100000
+11 50000
fi=(111) /usr/src/debug/glibc-2.17-c758a686/stdio-common/printf-parse.h
109 100000
fe=(94)
1297 250000
fi=(111)
109 50000
cfi=(95)
cfn=(406)
calls=50000 -83 
* 1150000
fe=(94)
1312 50000
fi=(111)
109 50000
fe=(94)
1308 50000
+4 100000
+4 350000
cfi=(96)
cfn=(408)
calls=50000 +5 
* 950000
* 150000
2058 100000
cfi=(102)
cfn=(432)
calls=50000 2918 
* 350000
* 50000
+1 100000
cfi=(102)
cfn=(432)
calls=50000 2918 
* 350000
* 50000
+2 250000
+3 50000
+1 400000
1271 99998
+41 350000
+1 750000
2061 250000
+1 150000
1316 100000
+4 50000
-4 50000
+4 100000
+4 350000
270 50000
-6 50000
-3 50000
1301 50000
-8 50000
227 50000
1372 400000
-3 50000
-1 50000
-17 50000
+1 50000
+1 50000
+1 50000
+1 50000
+1 50000
+1 50000
+1 50000
+1 50000
+1 50000
+1 50000
+3 50000
+1 50000
1554 100000
-21 150000
1372 450000
2056 100000
1654 100000
+8 50000
fi=(111)
109 150000
fe=(94)
1662 50000
fi=(111)
109 50000
fe=(94)
1662 50000
fi=(111)
109 50000
cfi=(95)
cfn=(406)
calls=50000 -83 
* 1150000
fe=(94)
1666 50000
-4 50000
+4 250000
cfi=(96)
cfn=(408)
calls=50000 1321 
* 950000
* 250000
-10 50000
+10 400000
+2 50000
-2 50000
+2 50000
-34 2399960
cfi=(96)
cfn=(408)
calls=50000 1321 
* 4430131
* 1050000
cfi=(97) /usr/src/debug/glibc-2.17-c758a686/stdio-common/_itoa.c
cfn=(410) _itoa_word
calls=50000 168 
* 2766800
* 2199980

fl=(62)
fn=(234)
30 4
+1 5
+2 3
cfi=(63)
cfn=(236)
calls=1 -8 
* 51
+4 5
+1 3
+2 4

fl=(64)
fn=(238)
32 5
+2 1
-2 2
+2 3
+2 5

fl=(97)
fn=(410)
168 200000
+2 100000
+9 2366800
+9 100000

fl=(103)
fn=(434)
61 49913
+4 49913
+3 49913
+1 49913
+2 9083
+1 9083
+2 9083
+1 9083
+5 9083
+1 9083
-1 40830
+1 40830
+2 9961
+1 9961
+2 9961
+1 9961
+5 9961
+1 9961
-1 39952
+1 39952
+2 39843
+1 39843
+2 39843
+1 39843
+5 39843
+1 39843
-1 10070
+1 10070
+11 49913
+1 49913
+21 49913
+4 49913

fl=(98)
fn=(428)
448 185
+4 185
-1 185
-3 925
+3 925
+30 4031
cfi=(96)
cfn=(412)
calls=523 823 
* 17259
* 1046
+2 523
-2 523
-25 2832
+29 370
+1 1110

fn=(424)
400 5
+1 4
+3 1
+2 4
-3 1
+3 2
+3 4

fn=(564)
1007 1
+3 1
-3 2
-48 1
+48 2
+3 1
cfn=(566) _IO_flush_all_lockp
calls=1 819 
* 207
-63 1
+63 1
-63 3
+2 9
+2 2
-1 4
+3 4
+6 16
+8 5
+10 5
cfi=(96)
cfn=(568)
calls=1 460 
* 66
+3 2
+7 3
-40 9
+75 7
-53 1
+4 1
-4 1
+2 1
+1 1
+1 1
-2 1
+3 4
+6 3
+1 8

fn=(570)
558 5
+1 1
-1 1
+1 1
cfi=(96)
cfn=(572)
calls=1 885 
* 13
* 2
+9 1
-7 1
+7 1
-7 1
401 1
563 1
+1 1
-1 1
+1 1
401 4
+7 1
-5 1
+1 1
+4 1
571 2
+2 1
-2 1
+1 3
+2 4

fn=(566)
819 3
+6 1
-6 5
+6 2
+6 1
-11 1
+10 1
+2 2
+4 2
-1 3
-1 3
+1 3
+3 9
+7 4
cfi=(96)
cfn=(412)
calls=1 -22 
* 113
+1 3
+2 6
+4 3
-2 3
+2 6
+7 3
-27 6
+31 2
+2 2
+4 9
-31 11

fn=(414)
415 3
+1 1
-1 1
+1 1
+6 4
-4 3
+1 3
cfi=(99)
cfn=(416)
calls=1 96 
* 121
* 2

ob=(6)
fl=(68) /usr/src/debug/gcc-4.8.5-20150702/obj-x86_64-redhat-linux/gcc/include/cpuid.h
fn=(256) __get_cpuid_output
265 2
fi=(67)
-3 4
fe=(68)
+3 2
fi=(67)
-3 2
fe=(68)
-15 6
+21 2
-1 4
+3 8
+1 2
-1 4
fi=(67)
-6 4
fe=(68)

fl=(67)
fn=(258) get_available_features
220 3
+3 4
+2 4
+2 4
+2 4
+2 4
+2 4
+2 4
+2 4
+2 4
+3 2
-25 1
+28 3
+2 4
+3 2
+1 2

fn=(254)
275 5
+10 1
-10 2
+9 4
+71 9
-67 11
cfi=(68)
cfn=(256)
calls=1 -23 
* 20
* 3
+7 1
-1 1
+3 2
+6 6
cfi=(68)
cfn=(256)
calls=1 -38 
* 20
* 2
+6 1
+2 1
-2 1
+1 1
+2 1
-3 1
+1 1
+2 1
+1 1
-4 1
+1 1
+2 1
+3 1
-2 1
+2 1
+3 1
-7 1
+7 1
+5 2
166 7
329 3
+25 1
-25 1
cfn=(258)
calls=1 220 
* 53
+1 3
-6 1
158 2
+33 2
+1 2

fl=(69)
fn=(556) 0x0000000000002f10
0 9

fn=(260)
0 16

fn=(542)
0 8
cob=(3)
cfi=(107)
cfn=(474)
calls=1 30 
0 70
cob=(1)
cfi=(73)
cfn=(300)
calls=1 58 
0 1265
0 5
0 1
cfn=(556)
calls=1 0 
0 9
0 3

ob=(4)
fl=(56)
fn=(194)
25 1
+1 1
+1 1
+1 1
+2 1

fl=(52)
fn=(186)
15 8

fl=(51)
fn=(184)
8 5

fl=(70)
fn=(534) 0x0000000000005770
0 9

fn=(272)
0 16

fn=(520)
0 8
cob=(3)
cfi=(107)
cfn=(474)
calls=1 30 
0 70
cob=(1)
cfi=(73)
cfn=(300)
calls=1 58 
0 1265
0 5
0 1
cfn=(534)
calls=1 0 
0 9
0 3

fl=(55)
fn=(192)
25 1
+1 1
+1 1
+1 1
+2 1

fl=(57)
fn=(198)
15 8

fl=(54)
fn=(196)
16 5

fn=(190)
10 5

fl=(48)
fn=(178)
15 8

fl=(50)
fn=(182)
25 1
+1 1
+1 1
+1 1
+2 1

fl=(53)
fn=(188)
25 1
+1 1
+1 1
+1 1
+2 1

fl=(49)
fn=(180)
20 8

fn=(200)
25 8

ob=(7)
fl=(84)
fn=(352)
338 54

fl=(79)
fn=(334)
132 6

fl=(71)
fn=(284)
0 16

fn=(488)
0 8
cob=(3)
cfi=(107)
cfn=(474)
calls=1 30 
0 931
cob=(1)
cfi=(73)
cfn=(300)
calls=1 58 
0 1265
0 5
0 1
cfn=(512) 0x000000000005bab0
calls=1 0 
0 9
0 3

fn=(512)
0 9

fl=(81)
fn=(346)
1285 8
1505 4
1660 4
fi=(82) /usr/src/debug/gcc-4.8.5-20150702/obj-x86_64-redhat-linux/x86_64-redhat-linux/libstdc++-v3/include/bits/locale_facets.h
1854 4
2238 4
2518 4
fe=(81)
322 4
807 4
682 4
1864 4
fi=(83) /usr/src/debug/gcc-4.8.5-20150702/obj-x86_64-redhat-linux/x86_64-redhat-linux/libstdc++-v3/include/bits/locale_classes.h
735 5
fe=(81)

fn=(340)
1285 8
1505 4
1660 4
fi=(82)
1854 4
2238 4
2518 4
fe=(81)
322 4
807 4
682 4
1864 4
fi=(83)
735 5
fe=(81)

fl=(75)
fn=(306) std::future_category()
63 3
+10 1
-10 1
cfi=(76) /usr/src/debug/gcc-4.8.5-20150702/obj-x86_64-redhat-linux/x86_64-redhat-linux/libstdc++-v3/libsupc++/../../../../libstdc++-v3/libsupc++/guard.cc
cfn=(312) __cxa_guard_acquire
calls=1 232 
* 32
cob=(1)
cfi=(73)
cfn=(300)
calls=1 -5 
* 744
* 5
* 2
-34 1
+34 1
-34 1
cfi=(77) /usr/src/debug/gcc-4.8.5-20150702/obj-x86_64-redhat-linux/x86_64-redhat-linux/libstdc++-v3/include/system_error
cfn=(318) std::error_category::error_category()
calls=1 +37 
* 4
cob=(1)
cfi=(73)
cfn=(300)
calls=1 +29 
* 796
* 5
* 1
+34 1
-34 1
+34 1
cfi=(76)
cfn=(324) __cxa_guard_release
calls=1 377 
* 14
cob=(1)
cfi=(73)
cfn=(300)
calls=1 -5 
* 720
* 5
* 4
cob=(3)
cfi=(78)
cfn=(330)
calls=1 -7 
* 61
cob=(1)
cfi=(73)
cfn=(300)
calls=1 -5 
* 1235
* 5
+10 3

fn=(508)
29 3
cfi=(77)
cfn=(504) std::error_category::~error_category()
calls=1 +37 
* 4
* 1

fl=(77)
fn=(318)
66 12

fn=(504)
66 12

fl=(85)
fn=(506)
35 3
cfi=(77)
cfn=(504)
calls=1 +31 
* 4
* 1

fn=(354)
103 1
-38 2
-30 2
cfi=(77)
cfn=(318)
calls=1 +31 
* 4
* 1
+30 2
+1 1
-31 1
+30 1
-30 1
+30 1
cob=(3)
cfi=(78)
cfn=(330)
calls=1 -9 
* 66
* 1
-15 1
+16 1
-16 1
cfi=(77)
cfn=(318)
calls=1 +16 
* 4
* 1
+16 1
-16 1
+16 1
+37 1
-37 1
-16 1
+16 1
cob=(3)
cfi=(78)
cfn=(330)
calls=1 -10 
* 66
* 1

fn=(498)
50 3
cfi=(77)
cfn=(504)
calls=1 +16 
* 4
cob=(1)
cfi=(73)
cfn=(300)
calls=1 +8 
* 788
* 5

fl=(80)
fn=(336)
1094 4
106 4
1107 3
+5 3
fi=(79)
132 1
fe=(80)
1112 1
fi=(79)
132 13
fe=(80)
1094 4
106 4
1107 3
+5 3
fi=(79)
132 1
fe=(80)
1112 1
fi=(79)
132 14
fe=(80)
1107 1
412 3
+8 1
+1 2
1107 1
412 3
+8 1
+1 2

fl=(76)
fn=(312)
232 10
113 1
237 2
+6 2
-16 1
334 10
220 2
+3 2
-22 2

fn=(324)
377 4
+4 2
+33 5
201 1
-76 2

fl=(72)
fn=(292)
95 1
-46 1
cfi=(75)
cfn=(306)
calls=1 +14 
* 3647
cob=(1)
cfi=(73)
cfn=(300)
calls=1 +9 
* 756
* 5
* 2
+46 2

ob=(8)
fl=(91)
fn=(388)
32 3
+1 2
+1 10
cfn=(390) fun()
calls=10 -9 
* 29898339
-1 32
+2 3

fn=(396) funcc()
18 30
+2 20
+1 250000
cob=(3)
cfi=(93)
cfn=(402)
calls=50000 +8 
* 28396870
cob=(1)
cfi=(73)
cfn=(300)
calls=1 +37 
* 1145
* 50004
-1 150020
+3 20

fn=(390)
25 20
+1 10
cfi=(92) /home/shiyang/exercise/debug-tools/valgrind/callgrind_test_part2.cc
cfn=(392) funca()
calls=10 -19 
* 700080
+1 10
cfn=(394) funcb()
calls=10 -16 
* 350080
+1 10
cfn=(396)
calls=10 -10 
* 28848109
+1 20

fn=(394)
11 20
+2 20
+1 200000
-1 150020
+4 20

fl=(86)
fn=(368)
0 16
cob=(2)
cfi=(15)
cfn=(370)
calls=1 0 
0 6
0 7
cfn=(374) 0x00000000004005c0
calls=1 0 
0 15
0 11

fn=(454) 0x0000000000400530
0 8

fn=(374)
0 15

fn=(450)
0 5
cfn=(454)
calls=1 0 
0 8
0 3

fn=(358)
0 11
cob=(3)
cfi=(87)
cfn=(366)
calls=1 134 
0 29906068
cob=(1)
cfi=(73)
cfn=(300)
calls=1 58 
0 1302
0 5

fl=(92)
fn=(392)
7 20
+2 20
+1 400000
-1 300020
+4 20

totals: 31143483
